 
      Dr. Rina Dechter @ UCI
    <body>


  




   



 

    
 Grades 

 

     ID    HW %    Exam %    Project %    Letter Grade     71404423  96.90  87.69  100.00  A    87408315  97.01  86.92  100.00  A    25765148  92.67  93.85  100.00  A+    88165336  89.19  70.00  100.00  B    37845784  96.56  64.62  100.00  B    74649780  93.93  93.08  90.00  A    11807273  75.81  51.54  90.00  C    49124608  95.18  89.23  93.33  A    86204561  94.19  69.23  93.33  B    93727753  88.25  45.38  90.00  C    76728414  97.67  82.31  86.67  A-    33848718  92.94  76.92  90.00  B+    71523384  93.68  76.92  93.33  B+    15882059  96.55  83.85  93.33  A    47081355  90.59  93.08  96.67  A    82928815  84.39  80.00  93.33  B+    64444069  94.63  90.77  90.00  A    89803291  96.15  76.15  100.00  A-    33128396  96.85  88.46  100.00  A    33682168  62.88  59.23  90.00  C    22923807  91.11  81.54  93.33  A-    82808556  92.83  68.46  93.33  B    79725365  93.24  80.77  90.00  B+    18402440  80.85  59.23  100.00  B    64489632  86.19  80.77  96.67  A-    33006327  95.98  90.77  86.67  A    95911880  89.88  80.00  93.33  B+    95044284  92.28  73.85  90.00  B    16683543  96.34  85.38  86.67  A-    81368320  93.49  81.54  93.33  A-    15404752  94.07  76.92  93.33  B+    30204417  90.07  73.08  90.00  B    15289486  85.45  83.08  86.67  B+    69281048  93.59  66.92  90.00  B    36326584  93.90  75.38  96.67  B+    79482693  90.95  80.77  100.00  A-    78084908  95.36  79.23  83.33  B+    31523872  94.31  75.38  90.00  B+    37364918  91.84  93.85  93.33  A    35086995  97.77  82.31  86.67  A-    40847283  93.20  83.85  90.00  A-    52442257  83.65  90.77  90.00  A    85923964  98.19  76.15  93.33  B+    86049497  80.64  71.54  90.00  B    88525591  92.26  63.08  90.00  B     Mean    91.41    78.09    92.81               </body> 