 Homework<body>
  Homework Grades  




    Number  
  St.Id- first four digits  
  Hw1/Max 70  
  Hw2/Max 100  
  Hw3/Max 90  
  Hw4/Max 90  
  Hw5 / Max 65  
  Hw 6/Max50  
  Hw7/Max80  
  Hw8/Max100  
  Hw9/Max 90  
    2  
  0155  
     
  93  
  50  
  72  
     
     
  68  
     
  46  
    3  
  2608  
  48  
  76  
  65  
  58  
  43  
  36  
  80  
  67  
  63  
    4  
  0918  
     
     
     
     
     
     
     
     
     
    5  
  1106  
  55  
  81  
  75  
     
     
     
  66  
  67  
  74  
    6  
  8875  
  55  
  98  
  87  
     
  41  
  35  
  63  
  71  
  54  
    7  
  9551  
  49  
  93  
  89  
  87  
  62  
  45  
  79  
  83  
  80  
    8  
  1347  
  54  
  89  
  86  
  77  
     
  37  
  80  
  94  
  79  
    9  
  1363  
  34  
  66  
  79  
  70  
  43  
  33  
  72  
  95  
  68  
    10  
  1405  
     
  98  
  78  
  79  
  48  
     
  74  
  83  
  63  
    11  
  1407  
  51  
  94  
  89  
  84  
  58  
  43  
  66  
  76  
  51  
    12  
  2089  
  63  
  93  
  84  
  81  
  40  
     
  67  
  83  
  62  
    13  
  1713  
  54  
  70  
     
  60  
  54  
  38  
  75  
  83  
     
    14  
  3056  
     
     
     
     
     
     
     
     
     
    15  
  2261  
  52  
  90  
  70  
  50  
     
     
     
  37  
     
    16  
  5224  
     
  97  
     
  66  
  47  
     
  48  
  68  
  69  
    17  
  3835  
  60  
  87  
  86  
     
  52  
  36  
  49  
     
  65  
    18  
  1481  
  58  
  76  
  87  
  74  
  51  
  35  
  51  
  87  
  72  
    19  
  1582  
  47  
  73  
  50  
  54  
  47  
  32  
  53  
     
     
    20  
  3951  
     
     
     
     
     
     
     
     
     
    21  
  4057  
     
     
     
     
     
     
     
     
     
    22  
  4153  
  39  
  59  
  58  
     
     
     
  24  
  10  
     
    23  
  6497  
  60  
  88  
  88  
  72  
  59  
  46  
  76  
  97  
  90  
    24  
  4246  
  42  
  61  
  62  
  74  
     
     
     
     
     
    25  
  5848  
  46  
     
  90  
  83  
  41  
  47  
  65  
     
     
    26  
  8099  
  69  
  91  
  90  
  89  
  56  
  45  
  80  
  87  
  85  
    27  
  6826  
  44  
  78  
  59  
  52  
  47  
     
     
     
     
    28  
  8952  
  54  
     
     
     
     
     
     
     
     
    29  
  2015  
  47  
  100  
  87  
  89  
     
     
     
     
     
    30  
  4928  
  55  
  70  
  61  
  71  
  55  
     
  77  
  87  
  79  
    31  
  5063  
     
     
     
     
     
     
     
     
     
    32  
  5086  
  20  
  65  
  70  
  66  
     
  45  
  67  
  77  
  64  
    33  
  5089  
  27  
     
  70  
  67  
     
  39  
  58  
  89  
     
    34  
  3163  
  30  
  73  
  89  
  86  
  64  
  45  
  78  
  87  
  89  
    35  
  4629  
  51  
  93  
  85  
  74  
  49  
     
  73  
  84  
  68  
    36  
  7651  
  52  
  81  
  86  
  62  
  42  
  47  
  72  
  78  
  82  
    37  
  4386  
  60  
  94  
  73  
  61  
  49  
     
  38  
  53  
  71  
    38  
  7614  
  51  
  80  
     
  17  
     
     
     
     
     
    39  
  5197  
  59  
  96  
  90  
  80  
  46  
  40  
  73  
  96  
  83  
    40  
  5921  
  56  
  83  
  80  
  53  
  55  
  30  
  62  
  89  
  82  
    41  
  5237  
     
     
     
     
     
     
  50  
  35  
  73  
    42  
  9418  
     
     
     
     
     
     
     
     
     
    43  
  5893  
  60  
  93  
  80  
  69  
  53  
  40  
  74  
  99  
  88  
    44  
  5412  
     
     
     
     
     
     
     
     
     
    45  
  3234  
     
  90  
  90  
  55  
  44  
  48  
  79  
  78  
     
    46  
  9201  
     
  91  
  85  
  56  
     
  49  
  74  
  33  
  64  
    47  
  6044  
  55  
  95  
  50  
  62  
  48  
  45  
  74  
     
  62  
    48  
  8954  
     
  72  
     
  15  
     
     
  50  
  52  
  53  
    49  
  2619  
  59  
  74  
     
     
     
     
  57  
     
     
    50  
  1427  
     
  84  
  51  
  26  
     
     
  49  
     
     
    51  
  6792  
  49  
  89  
  84  
  74  
  41  
     
  67  
  84  
  62  
    52  
  6482  
  47  
  73  
  68  
  73  
  16  
     
  29  
  39  
     
    53  
  8750  
  61  
  96  
  89  
  88  
  60  
  47  
  74  
  85  
  87  
    54  
  1729  
  51  
  83  
  48  
  62  
  62  
     
  73  
  86  
  67  
    55  
  3468  
     
     
  44  
  90  
  59  
  39  
  78  
     
     
    56  
  7765  
  21  
     
     
     
     
     
     
     
     
    57  
  7903  
     
     
     
     
     
     
     
     
     
    58  
  2946  
  57  
  77  
  47  
  57  
  38  
     
  48  
  61  
  83  
    59  
  1810  
     
     
     
     
     
     
     
     
     
    60  
  8766  
     
     
     
  73  
     
     
     
     
     
    61  
  1412  
  55  
  87  
  90  
  97  
  61  
  48  
  79  
  95  
  77  
    62  
  5722  
  58  
  95  
  90  
  88  
  61  
  48  
  78  
  94  
  67  
    63  
  4288  
     
  56  
  42  
     
     
     
     
     
     
    64  
  9429  
     
  81  
  54  
  76  
  53  
  47  
  79  
  88  
     
    65  
  5483  
  54  
  83  
     
  75  
  64  
     
  69  
     
  85  
    66  
  3884  
  64  
  83  
  72  
  90  
  63  
  45  
  77  
  82  
  86  
    67  
  1153  
  54  
  92  
  84  
  60  
  47  
  39  
  65  
  82  
     
    68  
  5312  
  47  
     
  43  
     
     
     
     
  80  
  67  
    69  
  9539  
  41  
  69  
     
  39  
  22  
     
  65  
  51  
     
    70  
  9553  
  39  
  82  
  69  
  65  
     
  35  
  73  
     
  56  
    71  
  9590  
     
     
     
     
     
     
     
     
     
    72  
  5073  
  46  
  90  
  60  
  58  
     
     
     
     
     
    73  
  9095  
  54  
  91  
  80  
  56  
  57  
  43  
  70  
  88  
  87  
    74  
  0463  
  32  
  100  
  90  
     
     
  45  
  73  
  88  
  82  
    75  
  5229  
  51  
     
     
     
     
     
     
     
     
    76  
  5654  
  49  
     
     
     
     
     
     
     
     
    77  
  1098  
  52  
  97  
  82  
  90  
  65  
  48  
  78  
  88  
  90  
    78  
  1385  
     
  96  
  77  
  70  
  40  
     
  57  
  61  
  70  
    79  
  5067  
     
  89  
     
  69  
  47  
     
  78  
     
     
    80  
  4627  
     
  86  
  80  
     
     
  50  
  77  
  81  
     
    
 Last Updated on 3/20/00
 By Information and Computer Science Dept.
 Email:  cchris@ics.uci.edu 
   
 </body> 